T-10 W transport in ECR
Name Time Value Error
NA1             98
AB              0.39
ABC             0.30
AWALL           0.40
RTOR            1.50
BTOR            2.200    0.05
IPL     0.01    0.220
AMJ             2.0
ZMJ             1.0
ELONM           1.0
ELONG           1.0
TRICH           0.0
TRIAN           0.0


!!!!!! Electron temperature (rt) [eV]*FATOR
GRIDTYPE  18  POINTS 31 NAMEXP  TE   NTIMES 1 FACTOR 0.001
0.010
1.500
0.000  0.010  0.020  0.030  0.040  0.050  0.060  0.070  0.080  0.090  0.100  0.110  0.120  0.130  0.140  0.150  0.160  0.170  0.180  0.190  0.200  0.210  0.220  0.230  0.240  0.250  0.260  0.270  0.280  0.290  0.300
1943.0  1934.6  1908.2  1870.0  1824.2  1774.8  1725.0  1675.2  1624.2  1570.3  1511.6  1446.5  1373.9  1293.5  1205.9  1113.5  1023.7  942.6  870.2  804.8  743.3  682.4  619.6  552.2  478.5  398.9  317.5  238.4  165.5  102.8  53.9

!!!!!! Electron density (rt) [1e19 m-3]
GRIDTYPE  18  POINTS 31 NAMEXP  NE   NTIMES 1
0.01
1.500
0.000  0.010  0.020  0.030  0.040  0.050  0.060  0.070  0.080  0.090  0.100  0.110  0.120  0.130  0.140  0.150  0.160  0.170  0.180  0.190  0.200  0.210  0.220  0.230  0.240  0.250  0.260  0.270  0.280  0.290  0.300
3.955  3.929  3.895  3.851  3.797  3.724  3.631  3.529  3.421  3.308  3.188  3.070  2.958  2.850  2.747  2.655  2.578  2.511  2.451  2.399  2.356  2.317  2.271  2.221  2.161  2.072  1.946 1.785  1.591  1.337  1.030

!!!!!! Ion temperature (rt) [eV]*FATOR
GRIDTYPE  18  POINTS 31 NAMEXP  TI   NTIMES 1  FACTOR 0.001
0.01
1.500
0.000  0.010  0.020  0.030  0.040  0.050  0.060  0.070  0.080  0.090  0.100  0.110  0.120  0.130  0.140  0.150  0.160  0.170  0.180  0.190  0.200  0.210  0.220  0.230  0.240  0.250  0.260  0.270  0.280  0.290  0.300
594.9  594.0  591.5  587.3  581.5  574.3  565.5  555.4  544.0  531.3  517.4  502.3  486.3  469.2  451.2  432.1  411.5  389.2  365.3  340.4  314.8  288.8  262.9  237.4  212.7  189.2  167.3  147.3  129.1  112.6  97.6

!!!!!! C6 ion density (rt) [1e12 сm-3]
GRIDTYPE  18  POINTS 31 NAMEXP  CAR6   NTIMES 1
0.01
1.500
0.000  0.010  0.020  0.030  0.040  0.050  0.060  0.070  0.080  0.090  0.100  0.110  0.120  0.130  0.140  0.150  0.160  0.170  0.180  0.190  0.200  0.210  0.220  0.230  0.240  0.250  0.260  0.270  0.280  0.290  0.300
0.807  0.806  0.805  0.803  0.799  0.795  0.789  0.781  0.772  0.762  0.749  0.735  0.718  0.701  0.685  0.669  0.654  0.638  0.620  0.601  0.579  0.553  0.524  0.490  0.455  0.417  0.379  0.341  0.303  0.268  0.235

!!!!!! Prad by Bol.DP [W/cm3]
GRIDTYPE  18  POINTS 31 NAMEXP  PRAD   NTIMES 8
0.25 0.255 0.26 0.27 0.275 0.28 0.28500000000000003 0.29000000000000004 
1.500
0.000  0.010  0.020  0.030  0.040  0.050  0.060  0.070  0.080  0.090  0.100  0.110  0.120  0.130  0.140  0.150  0.160  0.170  0.180  0.190  0.200  0.210  0.220  0.230  0.240  0.250  0.260  0.270  0.280  0.290  0.300
0.871939359409771	0.870460427528641	0.866817113734434	0.861089424529102	0.853356466547186	0.843694172660050	0.832120134293714	0.818600740607644	0.803100642464267	0.785584438595613	0.766015769450922	0.744357434460656	0.720572204503017	0.694616883788057	0.666377208638463	0.635692242141804	0.602400231673694	0.566380054764126	0.527945050432103	0.487671864433049	0.446140827087892	0.403940085806110	0.361700068902747	0.320065434153075	0.279680769330328	0.241047581396557	0.204229580902015	0.169207032483196	0.135956918620412	0.104281004412563	0.0737212670339084
0.863284998207094	0.860351790277530	0.855540740379915	0.848963366848288	0.840729774205056	0.830945040860696	0.819621853128983	0.806691811146709	0.792083762206485	0.775725461305971	0.757524584419063	0.737371185544043	0.715154720419978	0.690758982543962	0.664000323490001	0.634650802918416	0.602481706396117	0.567309192130993	0.529429245068281	0.489428650639460	0.447898263573496	0.405437902817819	0.362695872797796	0.320336795521653	0.279025224839313	0.239283112651154	0.201196079659050	0.164766579927185	0.129993823518365	0.0967038400018682	0.0644658910359479
0.843062875257600	0.841154463350486	0.837225665380109	0.831377000373505	0.823708186549990	0.814315607207069	0.803234341711435	0.790445667193856	0.775929034220112	0.759662348659969	0.741595121133429	0.721651941706359	0.699756554401503	0.675824127084227	0.649667678586095	0.621033142223004	0.589665278851789	0.555352125095187	0.518344468800396	0.479173549633181	0.438374531743387	0.396503850147932	0.354232989286030	0.312272152994155	0.271331491171559	0.231973836233838	0.194311260881109	0.158369921037267	0.124172359617954	0.0915482396724953	0.0600412488534282
0.797752501479450	0.795523956652103	0.791359534863916	0.785382461664692	0.777715180151729	0.768477881305649	0.757749356754183	0.745572064765657	0.731987230104975	0.717029741985910	0.700618026865339	0.682568299863280	0.662693306064610	0.640802925343838	0.616672910581552	0.590056602043158	0.560706948286948	0.528420632838177	0.493462000720242	0.456378824661734	0.417722843518201	0.378058293282652	0.338017004204607	0.298253555095188	0.259422462822335	0.222038068543913	0.186185805988601	0.151869357250339	0.119089384066940	0.0876853069486002	0.0572574803747938
0.782149289103058	0.780904866613139	0.777969584445529	0.773446619392816	0.767438549343010	0.760044400400084	0.751297908284797	0.741175507847404	0.729651688595884	0.716696263862739	0.702193087562367	0.685950572950934	0.667774572103598	0.647467904219274	0.624797264465569	0.599505623857461	0.571335538780972	0.540073026645843	0.505968837063017	0.469555372039116	0.431368974865038	0.391965124912555	0.352002804388662	0.312175828942486	0.273177956978527	0.235554957601743	0.199399784589955	0.164719083136176	0.131516566524339	0.0996394285422964	0.0687027976729431
0.782184761274377	0.779744100370557	0.775473067398346	0.769538262450024	0.762105509987939	0.753336713675430	0.743321703404774	0.732087054885634	0.719657196372771	0.706049353514002	0.691148350616756	0.674722812455127	0.656537418874233	0.636354521444194	0.613908740079628	0.588916482164496	0.561093836780869	0.530200414704213	0.496461207656856	0.460383252931125	0.422477534605489	0.383276376028611	0.343427519948869	0.303617553026232	0.264533010984812	0.226718265503427	0.190282696954938	0.155252774463905	0.121651963717465	0.0893433923774872	0.0579524612177390
0.782741897858182	0.780713713454065	0.777134728035530	0.772106582002493	0.765729722904858	0.758100037697670	0.749229578569425	0.739056821710653	0.727517745435364	0.714545372254403	0.700018389865684	0.683767800045752	0.665622985652664	0.645408536799705	0.622891958098295	0.597803263738388	0.569871812686767	0.538869476729328	0.505022720625489	0.468833516619873	0.430807692252983	0.391471967412348	0.351466064076454	0.311467734600333	0.272154685182668	0.234072016025187	0.197359081589370	0.162077899421323	0.128287065017306	0.0958624882910718	0.0644092184235109
0.780118878718878	0.777394969950688	0.773037112329456	0.767191052836331	0.760001168690438	0.751606345988173	0.742044530705873	0.731265080631784	0.719214346019615	0.705834696629467	0.690995331119190	0.674501230912051	0.656155197281171	0.635758316374027	0.613091245791876	0.587921226860684	0.560015266429076	0.529181253203630	0.495664228866363	0.459974173019429	0.422624772656350	0.384147123521121	0.345166481444328	0.306339791436090	0.268323937416679	0.231625198293839	0.196289034130784	0.162273070900451	0.129532809569277	0.0979103079726797	0.0670794262745025

!!!!!! Anomalous diffusion (rt) [m2/s]
GRIDTYPE  18  POINTS 31 NAMEXP  CAR9   NTIMES 1
0.01
1.500
0.000  0.010  0.020  0.030  0.040  0.050  0.060  0.070  0.080  0.090  0.100  0.110  0.120  0.130  0.140  0.150  0.160  0.170  0.180  0.190  0.200  0.210  0.220  0.230  0.240  0.250  0.260  0.270  0.280  0.290  0.300
2.0038 2.001 1.9922 1.9778 1.958 1.9332 1.904 1.871 1.835 1.7965 1.7566 1.716 1.6756 1.6362 1.5984 1.563 1.5304 1.5009 1.4753 1.4539 1.4376 1.4272 1.4251 1.4334 1.4562 1.5006 1.5757 1.6941 1.8744 2.1379 2.468

!!!!!! Anomalous pinch (rt) [m/s]
GRIDTYPE  18  POINTS 31 NAMEXP  CAR10   NTIMES 1
0.01
1.500
0.000  0.010  0.020  0.030  0.040  0.050  0.060  0.070  0.080  0.090  0.100  0.110  0.120  0.130  0.140  0.150  0.160  0.170  0.180  0.190  0.200  0.210  0.220  0.230  0.240  0.250  0.260  0.270  0.280  0.290  0.300
0.0 -0.0 -0.0004 -0.0016 -0.0039 -0.0079 -0.014 -0.0221 -0.0325 -0.0456 -0.061 -0.0775 -0.0947 -0.1112 -0.1233 -0.1261 -0.1169 -0.091 -0.0374 0.0565 0.1995 0.3949 0.6486 0.9411 1.2124 1.3898 1.3771 1.0358 0.1993 -0.8983 -1.453

